653.0 469.0
854.0 396.0
327.0 312.0
1164.0 204.0
680.0 153.0
478.0 208.0
329.0 472.0
1068.0 86.0
139.0 381.0
153.0 226.0
294.0 190.0
998.0 291.0
1111.0 324.0
404.0 143.0
306.0 400.0
234.0 184.0
60.0 176.0
534.0 158.0
622.0 162.0
224.0 391.0
984.0 375.0
80.0 45.0
910.0 313.0
924.0 221.0
1043.0 197.0
329.0 224.0
794.0 458.0
850.0 126.0
919.0 160.0
1232.0 383.0
712.0 537.0
325.0 396.0
606.0 484.0
236.0 112.0
94.0 324.0
1158.0 126.0
545.0 92.0
660.0 318.0
112.0 43.0
572.0 283.0
294.0 134.0
458.0 393.0 
291.0 253.0
854.0 347.0
115.0 311.0
763.0 413.0
1027.0 425.0
171.0 438.0 
1067.0 299.0
608.0 329.0
607.0 384.0
815.0 123.0
984.0 108.0
325.0 137.0
711.0 99.0
1103.0 366.0
634.0 36.0
760.0 228.0
135.0 109.0
728.0 181.0
932.0 115.0
934.0 276.0
892.0 447.0
249.0 315.0
1197.0 306.0
613.0 227.0
419.0 85.0
563.0 350.0
971.0 174.0
509.0 455.0
530.0 225.0
1050.0 374.0
1144.0 398.0
454.0 68.0
1128.0 88.0
1227.0 180.0
249.0 147.0
474.0 109.0
779.0 489.0
716.0 458.0
375.0 136.0
